{
    "model_0": 1.1552666425704956,
    "model_1": 1.1098477840423584,
    "model_10": 2.7195332050323486,
    "model_11": 1.0968153476715088,
    "model_12": 0.5408506989479065,
    "model_13": 1.0972373485565186,
    "model_14": 1.8532781600952148,
    "model_15": 1.1063511371612549,
    "model_16": 2.78574800491333,
    "model_17": 1.0967012643814087,
    "model_2": 2.2310266494750977,
    "model_3": 1.0957411527633667,
    "model_4": 2.905167818069458,
    "model_5": 1.1045325994491577,
    "model_6": 1.165217399597168,
    "model_7": 1.1170074939727783,
    "model_8": 2.2684733867645264,
    "model_9": 1.1032156944274902
}